6 1 -54.0
1 6 -54.0
4 5 -54.0
5 4 -54.0
1 2 -54.0
2 1 -54.0
1 3 -54.0
3 1 -54.0
2 4 -54.0
4 2 -54.0
3 4 -54.0
4 3 -54.0

//------------

1 2 -54.0
2 1 -54.0
3 2 -54.0
2 3 -54.0
3 1 -54.0
1 3 -54.0

//-----------
1 2 -54.0
2 1 -54.0
1 3 -54.0
3 1 -54.0
1 4 -54.0
4 1 -54.0
3 4 -54.0
4 3 -54.0
2 4 -54.0
4 2 -54.0
2 5 -54.0
5 2 -54.0
5 4 -54.0
4 5 -54.0
5 6 -54.0
6 5 -54.0
6 4 -54.0
4 6 -54.0

# example from book
1 2 -54.0
2 1 -54.0
1 3 -54.0
3 1 -54.0
2 3 -54.0
3 2 -54.0
2 4 -54.0
4 2 -54.0
4 3 -54.0
3 4 -54.0

#line
1 2 -54.0
2 1 -54.0
2 3 -54.0
3 2 -54.0
3 4 -54.0
4 3 -54.0
4 5 -54.0
5 4 -54.0
5 6 -54.0
6 5 -54.0
